$ANSIBLE_VAULT;1.1;AES256
35353062393863663434313330343864616234626637386233316334656438636433396538373039
3364346536396438353736383061653265336462326564610a313635316236613130356163373436
35663432393838323866393361323533393331306634323936343233653137633033396138333733
3336346431646264300a373738356231643361336532653961663565366461363263633134633439
35366239656438613263386139306465663465306338386530623635346361663836306336376162
32653139313466333834336132666461333761646632623033643137396562316133376632396236
65366534376239613430313736616234306536646134356336663237636335383439653934346138
35653636626165633166396132636661343732376562663134396431353938346630633030623630
34306261376436636461623163643063316466383236623364306535626436623832366134393230
65303830633165306331666136373265613734636335316566363133613864393066366466343834
61343336313966343130353135383462393932316432336134303839386162333739643165393433
62303932343038663066303339623063343437653962396636393033366335393362616338396437
33623733376437303433646231366161323936383333643664333337383263656565666531616563
31623065303030656137313831383435653239343164396139613630333239366633313630393334
35343338356231656438303666316531383162633535383931373239366263363464393939326361
30623330626535663234626165346265383534636131626632383766623735313634613836386361
30623963666133303763663532353730336461373063656333336336616135356563636639636530
30653432346264316436663332383635626462653731626531613366383066316132633137306331
35356164353639356364383131623033616630326663626537306438616232653235333164303264
65663931356163353032356330636332613137323230363136336139363562346633633365343466
34333964373838663837313134353766343062613861633934623238313539626238336532636132
61303965353738336561636366373637373636353636653335623361633964343961393639353436
38306130336335663934333337343430303862366539383936633738303134353334323131656438
37323931613635393837366264323764346163616339633631356266363638663437666635653961
36303539313165383264393735333237376466386530306262373164313531373936643236666433
63303638323661303263326564353462383232306239643538323435386130396664363332336131
65313162616537333238636663623833663464633732616238393438313436643161663538396130
37393861616637396430383666653131303137336462646335396363363236343864353635616236
62373832363462303464636264636164396563316633353266633936306430313436303132336231
65636134623965653561343936303566633231396236646431376338666532386161633030396361
36316562643436613435343938393762643031386662313165326162386363363233306331626439
31643936653034666561353135313231646163306634313061353662663635616635313036666365
61346534613166373835306437336431366663633337303363386265633139393237373365373631
63663736303739633331633363373364623366366666616566303833363262396366346237643766
62626237616334353165393566643933633666376637363933656562356132636162633232383837
38623062646439303361323634363565386230626534346366313931333238636138376631323930
38353566386531386133656565663437353835613762323866363361366238633832633130623339
30613732353435303632326139626263383034306632333539643336376339346536633165366631
65356336333063636361376136303363653539333336643639396532363861306530363863353630
36613330663238653839363430353235346366623663323139643238373065656233643336373732
33396639643866333136336466626535373330333836396235313266386634343038303635323262
38653264343262636462383665363034343437353133376265316331663036613765386362333638
64363332663561303462663264393263656330653563383236373838663634316239303665396530
37383564613064353563333630333630376566393661396663623761653430633135343037336233
63326138393264346232396635383464633031313936613535386562343934666663613932373563
32623733643065333432393138396464386165383831623863643030663037333432363831333339
34626437313035396438386431393961613132363330663663613265666335633734346337363337
36303330633061376263373531396262376461383238373735653530303066343365626130396637
35313734656166356334303731303264333135616663633631383361353831633163363235653632
64386439376466626636336232376438393837373661366532363063376436653635326136623936
30343765633835366331333061356538323164376534393534666363396334343930373366616561
36623134663661303331663337653437633634336537306435326238393437643331306338306633
31316531376565316337383065363234313837646361633939323934633437636334633836646138
35313361666237616665666664623731616665663233333136373862636561663538663439656434
39353637373336343361376661626131643961393339383666323539353232666131393264313961
32383132333161316537343663396466396331653935386437643965333966646130393534333939
32306362393639623238613663643739663736666335353535336638363430333361613031333532
65643630633838323766366132666437376133343764373363373634626565363366646463626665
62666163316566396338373439316333663439663932666162633965323533333133393633356639
37356432303161333530323462363535623036343230383934303966353366343665643735376661
63383633623966653839613636303832633437626531353036643761323864646366616165623834
32393264316166353932636131343132643130373337656136616631626534663364643334633464
35643438613732666235353461353363633661353836373564623333643035346535626266626262
32666330316162373930356366313235646563366232386138613436343630623364656466363264
63373761343638383532383237373766353263313662343665646633383762363931326561626265
38306438353866663736333732633962393564346364316136346466323237633339316663313036
38323732613333616165323035346135303835353239626433343862353661383536336135383065
38386165643734626566613264376436326539613738363238333535323764393331626637323736
32626461356631633761323665343064333531666530343763663163313835653461633733376631
61633136626234353163316464343031373537663363343231636266663364366638323264646339
36343430313561383239363236313234613338376166323534633531366361396331313364353463
66343439666633343839616465623937656365366330323865333631626566666364333037666330
61666538646561626439326636396266626663346566616462633366616132313564656338633933
66656134643665663239393330373463373262333530353031366534646461323430646535616461
35613738653935396665353566313233363064613236356637306337306264663461646263626630
30666236356635323363353732303763343031396362396130343066613464666664366262346235
35343836643664646239626162313537666139323361616430336436326261313461393530666237
35653263396634376634353230613536336533643039333835636333383631653431356533343439
35336230313934353666396131643638363966666162326464636565356164663039306237336536
36323733663263343036326564633634633863393761343039636466663836633936623239633938
37306165656565316564333437326266386538343533666637636636666431343635393865623733
34316462326464656361303162393166343366653564343465653764613138313133386533656632
37636266333833643539376562626161376438323637313631383565663330316531666263333135
31636464306433363330376531323731373163363562653062313831313732353131393937653562
62373830336130623437373339383738633232663634346231636534623466396133316532616566
66356637646630333838636631303565653739616230373830303231316663626138616138613331
38333863323936343833313136353737396162323733616536313533653836626334636234633665
66326336333031386161633533633363356338333836393439613566383766623065656230623331
37343037356233363266653235653535366631363332653635646139353663353761643637363732
64663036663530356533303030306165643135663030326163306137643261343962396433386164
32313166663531653631383765343764303132626334343235303932666163643661663339326636
62356433613263623462323565356432343230353565373733303737373066663930306431326234
33333133613166323032616436303266636663626330623130613239663663656337306163373737
38323262383431656563633561333364616431646338623061623035656330373037343533343437
33636635646232383664643938353961373437383261376264643036643631333764333637653533
30633662303535336334393335613136636138343332393837313237633938383663383861353532
32636439623666303536373263386231666264326665646662623239373839323636316161323937
34616238626431386262373834353965633335366434643534633663326564613164663537613733
39363432346337326331363739666435373966326662356562646138623935643639353731396166
31353233356430343566663037363030306535306666336632373631393162653539353130343531
33396262323562303361386532623461653263383066386637626434333066363761663938623534
65333163636332303734333466616265396132636230316265366261646630353363303235376565
36626631393762616663306639383932626234656436303232366362646536646237323861663865
35373337393364623931373038616431353633383733353630313464386536653161626532623934
63613630303666393566336132373865376231643561656332613134656339313864373234353565
33366561343838353463343931383938393630353064316632616439623331643564663836333336
31303130623436333139653366373866636232323534353830343732383433383961363934343931
64366134636237373764306332633031633863373665313463663262646230363633393661333335
61366134333832626433366331323165363733376465623130663831646131663862393238366434
34636435313061306331386537656364306561313066613830626230346239643561313864643232
38313339663562383430333734353161623764346564303063373964363364363634373633346665
61353863366563643564663063336335373864346365303166653964643134656539313163626330
38653739656438366631633735616333363561383932663164363839326137353166663430303432
65643333313165303231383537336663636637373435393935313366666534346364356434666532
64633934616561633262366434386430346633383231653063313965333731616565373031303237
32343430346633303136613062623630643764386330636634393039363164656233386465386335
35656538363638323663363961613735303461656339623264303463613039343763666635316338
64643038636538633233363238396466333863623661646264373735346539613462663535346365
63656133346136306135393436643134336262663936646132623930366438613961346333633630
63323461303732383738653234613831363030386164323961353364316231656164656238356537
38373134613238353734303630393430366562366162656461636465623739363531323739643237
61396165373264623861323934663566623236633233373635643338343834373534663839386465
36623936666662313335643633366265623533616566363532303330663737316162663632636238
62653930643261383133613036393139336130373937373638333237353261323832326337333639
31643230386531393465363635353835356264643238316366386163343235303365663330336265
30626131363434623531366566316332633234633332366464373331343762383830346462636563
30646562336665346165323236356134323863306562323261343566633532616239333631386266
33366335663533643862616630326533653566643439613330626238353362656335336539323762
64316366663537623139663134356436383530366562333664303932643131346337366433363636
36343437306634626634643339653064376534313532613838363562386139303734323361376235
32616639343830353261313934653833633633373766333439353434383164366130356635383431
37653938393133366162326130313138633732303332323030306232303630643866623330363236
36306634333532643036313664343864373562616566386534613934663737396232
