$ANSIBLE_VAULT;1.1;AES256
37646464666237653661613662366636653131336139376237373733393865643861636264303237
3331393332376461366630663134346365363437303438660a646463356430353530323739343732
63366365326466626363373135653962393739313039356630653333616465643639656165383162
6635313365303262610a353437323232396138623930383061663036313734396461353738313236
31656462363766326437333063653632316239353135353934393966623239353131313138373736
32323738636564316637636335666632633766346364653762646633396533326637373834333965
61393734353964386162353331666663346136623738323435663939323664626564353561353761
31633062363432633661306361333734646661323839333634396638393733623730396262326663
37663533386663383936633761313235663037373232633437666630383466353833303966323961
63616265366165633564666232663234343036376164613465653564366236663935366332323034
38616463336334653863316238356466303038353962363338303839626331396465646133646662
63343234376533643435396565326235333539356538663435343964383730653539633964393265
33663530383230313163393036343437613735306462646532646132303766346331653962323134
63363135373439613137616530316532316332363033383866636338636563626435316137623235
62316335643461306532356661313736303735343232363337353166323134333232663365303433
39366330333137653437653330353037326533326163393438343433653337356637356139363135
65633933386130643166366164373635666432383737383864333530643936343163326330346534
31373566663730386461383635316261303938633638323561656536333633336239323365623365
64353565373531663734343936663733396330313561313765653734643865356362383163346261
39373439373636643330633138653738646434313139353939656464313938633431356663376535
39323834306334396235333832316564363361633138663836323231623265636238366162303637
36333465343234336163376466643361323637626330623632643461623335363962613064383433
61616263383032323432636561623862336264653064333732323939343735373836623434326631
63373530326332393464
